$ANSIBLE_VAULT;1.1;AES256
62643065346630623238393166383732393238343333373566363831323738326333633463663231
3630346338386163376465326138346636623461633937640a343935326330303439613331643135
65393035323932323535613538363932646565376334373464356231323161356530303266386138
3335643532336333320a383538623638666333373039623834663033666566383566656230376237
38373137386436643431363961643639316639363263626233356163376263306362343530363437
64313139666362353834393439376239616164306132626464353138313732333636323034666639
37613539313337663339303536353735393639326635393361663935323238313738626266623739
35376631313965346432633433333063353834376162653839343561356438633839333066353361
65616164313336666233363163353062333937316264323837623762396539613630356163636138
63366139303633343562646666343365666466346130633536316230323337323861613662306637
33666330376231303435346535623064313234333566373836393533366666626365366132636264
66373164643264663463306134646231616134383037643831613836393135616232613930653666
34616265313530316261633235646239623466396564366363653131623939626365666439646639
31366263343166343333373365623161313836653664616336336163656432396339383839663266
63306539346166313463326266663866376135393833306566323238663933623265633861613934
33303161636137656632373732336433346636653332326230353631316661333636303731326635
39623635303234656164386565333138323432376365356266333135333230613665376131616132
34663362653235616539353735353837613432383039333466626662663034646264666537663837
32623033316235366438343761396562383433626237343836646130393534313036663833633236
31633439336464613632313864623436316564646437323566656432316464373866646564313561
39633331616266633062653164363238323330313932633663376338623831383466633030663132
63646537373562323134346236633864336539303437316536303734623733333862356665656266
35623531613832386433613361636531666130366433656365626266336530626131356236303934
39656339613131653861616339306532333461393338303830363932326463643635653937376163
37323563653032323261373236653362313762333335363034616264363837653165636138643363
63303532663335623338663835363266303364366665356635373663386438326634626334643063
35393136313336306162623231313737613734626530333032336563343062626432643433396562
65653636346537306664343431313537366166623666653231316366396132386634396162373738
66356433643439383831343336353134306430613930343633626130616561366537663231656235
61363364386232346137616138663831373935663266333432626165663737313432363466666263
66613833363738336465656438333733396234333135623436376666643465626665396337383462
36373239663462653763383730373131656539303064363238346566666264316333396530616238
63376331353034643461356336623561633135303935313565616364383563383834383335373537
61353731663139613239383137393138336634336532376435313965623664663765643231363064
37323635396131343238656365646230626463646334373064383930363631303636393962663837
63396566313334313161303233626531346134376130333231336561363439326464386164383636
36303436643939373162316362313830363264346338373864613539323831366634646532666463
30636135313030396435303238313031346637376135656332613963633962623439653838656535
64646630376434303565613034366262353439613930396638323465353563626233333730313730
38386237353433326139373836313430613664313065363966303334373261303134363137356431
66326639633863653938326434653036323966376234666431383334346334336464646638653463
62616465353934346237396366653062633863363536623166663736383938366634633031393037
61613536363736353866633966356565386239343165366334316362303061353064363334376530
32303361653763303163303264616364366161386635356263386234393530623537353263663235
65643131636331346365633362653066363732333534663238616266346630313065386661623935
62313739326334636537316663383866633535393366353934323764663132316436353138633363
65636530336363373337656233356337653036353565313834383430363535313439333339613337
30346337616336306432373839333132336333663161663432383262323134363363666533633365
37303935653939616539306439333734623366643834313766343534373163393861653239343035
36663065353738353063633333663130363534303537626663313161633863363865366663393964
36636232323464396335363637623538313439393962363863623738633238366565323361303666
61316234643066306163383036313933376662653565333736323266366438666635326130343833
39303362376262313433613834363137343332306432373237393738653930393630636365366462
32633536303235343337353162613261623739333934303132303562653430393061353962383366
37353564373666336630396331363764376332623438316639373136623633633430646236626238
31323664336561346261383562333365383562623032346230323239313563663132623339343131
64373435313234373432316362656535626564393761336433313633623461666635316166386338
32396237663231623539646562383438303064323033353066343338313164376461316565353663
66346534363034666266326363633065636239383865303064326238346663656362636661613066
61313232663930336433303234656633363066396639336131366466633664666438646262373836
61613466366237366631623563646335373833643765333238663935366663333338333432653766
66373636636465356166313632383765666264633831613562373830343339663232313637396438
63356365336663653433343865643032396533376664343136363233636364356562383664643434
66313062336166386465306237636135643965643831383764333137616464313461626330633735
66626536643632376164336338666465373863333036623863656161623365373532313733636432
30666337623330386437303430333164663536316531373232666363656362373262343161616564
39393639353235363764323439323934663431623365336266336438316331316166306162646337
64353662383632303338633834393065356462616463316665623836303737646666353135653336
61653434393761336266623035396562363335653036306163383436393832623866303766363336
34373539623633353032353865383835626331663935666166643533373236636261383966366434
66363166353237313535313062353436653432643562376137386432636438353763306137633335
37646662646636396163656437373336626338303234623739616265316639346638393664353063
39323362376531383837396264343764316365646632313037653235353532623262623466646263
39313333373036643864666265393032386566623230383463373137326531616361383665613033
66386161343632313266396533613337393036646235353037303666396236666561616561383133
30623662363163653763336265333666353534333265306635356563666232306633653166626534
38376663343035626265373762663633623031663531383136396434316565656238656438353766
32383135323162653230663266326132346432623338343965643936366361663063623966336638
38313163613932623237653361326130383732363139316432333965363266633930343961346365
35326339653663623864653061396165363632386565383731663436633036353835303333353463
66336633663766613239663662356332396265306639323336343230393635363063306561616636
32613738386532366331613766653330306237336565306539653663303361373138333466343335
31323964346633333831653365623231383966353834376264336462623031646235373135333332
64313033333232323638396361393936373561316262663466666338393739333139316538383562
66366439363961306336393866623739626666363164636335303833613535346535383661623830
62383164333339326363356366626130353439663634666562633335373538353831313131663939
34363938356265383232393235643038663830323538313234353236623734323564653838323434
34386536363536363866623936303561653032333731633631613335313764656533663033613135
34366138633631343463323465336166326131316332386536643235313337663238363666326135
64636235656366383362383836623532646433346463643364353933643631303637623230303665
64366365613364363631646536303966646666366234313139363739316634316362663339373737
34626134353032643363633332323766653838336135303763666462323537643836666362326266
38643462316335663565316336666166613065316363636363616635376432623764393435363366
31323537386361306530333163623265346562633535326231373333616563343539363561613235
36373865626633353733323432613964333236613734376439333631633738343533373838666132
32356438323361376537366161633066643137633165396138633436363838346461633261643662
63656536336566313539396166353862333431656236303261653338393835643563653866323538
32326266353363336130393138343535306537663831383139333630303833373432336431663932
65386130373838383661613735616633346330636630393562353464336233386639623639303862
64303635376535613533643661376463356436376536326230366166313434386164376637616435
31333133393463356164316534333261346439636164656138623539313364656239363237363233
34303133393838393732303933313638313065663234623833633966303261363638646538646339
31386466346637386561653738383234373830633030386232356438306237623334356264323665
36656661356163666537333534333137303035346235343664356339363639363838626663316239
32656439666164323139353266383937396633663465653834326637353161346639303936666461
35643265396235343038366239613836623530313631323130633262373430633030633161653431
33316337373935656161396639313235346234613830646265396339366533616333656536636262
31656563373333323761353930343633303232333863343534316665326632353335363964386337
38316263366235316632383863363735633637636635656136666631393130353766346362623063
64353030333333353230616631383532646562646561653262373430626563363836643232306263
31346266383232643238333137353662353863633833343962646563336338636537303033653835
61303534326139646234353332376235313139353264626463333034393663653835636537656237
36313565376233323834666265363739643838386537636334383762366332646364373563376264
35613966356266663764353835306562353730363435326362326434383464646537326161336466
31356235326639396332323634613262373539376438336630653033333338333162353562336437
37376564313635346361656131626564653731633030626236646365306432663664396138323333
62343265316637386466623534663764343837323464323236656635336265623265626330316163
36383837353261633134343337356639653866393462623838303533343137323636643330346662
30373364613764633231656266383761393463336132333564303338313435386230653934643732
33376565613839393538633761363737643934363266666166633430653566666631666564366534
65383939636365343031663163663664396335396665643063336239366362613134323564663236
39376339333866366532393539313132633632346438386366323639386635383937623661383965
64383365386533643935353661626438616637653737396630386439376139633036636366323630
31333436363733396337643038316433633365326534626361326234323136643337333461363430
63303739616134626635386431616534313730366431353738316435666566376262393132623036
33306263356261336663323834376135333832383539666435633130656138623433623835366239
31656561633833366563323762313636633462643762366462363764346664393566663533303939
38363935396264376237303664613639303733323135653133363163663361646365306163326134
35383337376165303633643765613764343765326535343763643863313636323834333530633963
35653664633134663030353863366234353631656639353930333261633134666236303237613237
34613665303530666164323737623732303931333461323136313264396133643962343739386235
36323966373863643433393339613031653533353531393162396431613334323939633135653162
62393237633331383337333063346130613333346238313164633061316531356337306564393833
65366632313538313335376563653065343763393136373033346664626432653030656165623435
38383633373336663961343039363238326565373663386662383263366338646539356666333737
31323834373035393838323063313336306138303337373030663262393138313635656162623866
37366133363133333239613438303361626261383834633466323834663861666664626336613833
31343665393932313132333637393262316563303236306162363566316331306338363932323766
62343233633435366265366632643235623635353832383265653461623363663362646236333130
30363536313464646265383733383362313564653664633066306633636530313965363264626432
35326638336335643431383462653838373961303064613630643536346634346433356530653232
65386134616630343061613038636661366239636537336662356135303763623630313533396233
32336462333061393864636665323761666562366137623935336637623930326437393764383266
64653762346263643034653664346464313134666431333336313030383565323239626561386139
35626232353937616130346563303666326237366238376538636433636139636637386135373237
30313266643362386134663563646462373137383666316439383031646131323634643038643964
36663161663038306562363833313962633062326338653134616662323933336330653936653937
32363537666335326134633734373333363734653732313633396530383461376131336130353439
63666463656432333231633266636632636366386435613530363633393866636334616135646330
32373130393833346366373739303836643339373064396536643965636466326666653136316264
34313339306266333833616161643962643862386332393362336363663363303561636331303330
38393231643133366266313436353035636363353963656562393762376261323737333361663065
33303338336165613661313164663665303263613961376533653439613239323232626364663134
61353132656235323339306231616666373933353066633863383036303164646362386361336331
61376565386236643938333462383430373534333365633561316566666661396634646163393262
39383062653738383265376133343136353839613335316431383534663534623131376564363733
62366538306539656161346235626463643232643965353330353130373035373737653361363532
31383239663962393333363263383465393536646130356334633836616564373333323434663661
33396533636638633462336432376665336534623261336235336465636236636235396532613136
65346362646636656431
